1
2
3
4
5
7
8
9
11
12
13
15
16
17
18
19
20
21
22
24
25
26
27
28
30
31
33
34
36
37
38
40
41
42
43
44
45
46
48
50
51
52
54
55
56
57
58
60
61
62
63
64
65
67
71
72
73
74
75
76
77
78
79
81
82
83
84
85
88
89
90
91
92
95
96
97
99
100
101
102
104
105
106
107
108
109
110
112
115
117
118
119
120
122
123
124
125
126
128
129
130
131
132
133
134
135
136
137
139
140
141
142
143
144
145
146
147
148
149
150
151
152
153
154
156
157
158
159
160
161
162
163
165
166
168
169
170
172
173
174
175
176
179
180
181
182
183
184
185
186
187
188
189
190
191
193
195
196
199
200
201
202
203
204
205
206
207
208
209
210
211
212
213
214
216
218
219
220
222
223
225
226
228
230
231
232
233
234
235
236
237
238
239
241
242
243
244
246
248
249
250
251
252
253
254
255
256
257
259
260
262
264
265
266
267
269
270
272
273
277
278
279
280
282
283
284
285
286
287
288
289
291
292
293
295
296
297
298
299
302
303
304
305
306
307
308
309
310
312
313
314
315
316
318
322
324
326
327
328
329
331
332
333
334
335
336
337
338
339
340
341
342
343
344
345
346
348
349
350
352
353
355
356
357
358
359
360
361
362
363
364
366
367
368
369
370
371
372
373
375
376
377
378
380
381
382
383
384
385
386
387
389
390
391
392
394
395
396
397
400
402
403
404
405
406